65312
65312
65312
65312
65312
65312
65312
65312
65283
4
65312
65312
65312
65312
65312
65312
65312
65312
65312
65312
65312
65312
65312
65312
65312
65312
65312
65312
65312
65312
65283
5
65312
65312
65312
65312
65312
65312
65312
65312
65312
65312
65312
65312
65312
65312
65312
65312
65312
65312
65312
65312
65312
65312
65312
65312
65312
65312
65312
65312
65312
65312
65312
65312
65312
65312
65312
65312
65312
65312
65312
65312
65312
65312
65312
65312
65312
65312
65312
65312
65312
65312
65312
65312
65312
65312
65312
65312
65312
65312
65312
65312
65312
65312
65312
65283
6
14
0
15
65312
65312
65312
65312
65312
65312
65312
65312
65312
65312
65312
65312
65312
65312
65312
65312
65312
65312
65312
65312
65312
65312
65312
65312
65312
65312
65312
65312
65312
65312
65312
65312
65312
65312
65312
65312
65312
65312
65312
65312
65312
65312
65312
65312
65312
65312
65312
65312
65312
65312
65312
65312
65312
65312
65312
65312
65312
65312
65312
65312
65312
65312
65312
65312
65312
65312
65312
65312
65312
65312
65312
65312
65312
65312
65312
65312
65312
65312
65312
65312
65312
65312
65312
65312
65312
65312
65312
65312
65312
65312
65312
65312
65312
65312
65312
65312
65312
65312
65312
65312
65312
65312
65312
65312
65312
65312
65312
65312
65312
65312
65312
65312
65312
65312
65312
65312
65312
65312
65312
65312
65312
65312
65312
65312
65312
65312
65312
65312
65312
65312
65312
65312
65312
65312
65312
65312
65312
65312
65312
65312
65312
65312
65312
65312
65312
65312
65312
65312
65312
65312
65312
65312
65312
65312
65280
0
CPU time: 0.000962 Encoded size: 247
Mismatch at location 0 original: 0x61 decoded: 0xff
